61.3
61.4
61.5
61.7
61.3
61.1
60.5
60.5
60.2
60.7
60.6
60.3
61
60.4
60.1
60.1
60.7
61.3
61.6
61
61.8
62.3
62.1
62
62.5
62.1
62.9
63.6
63.5
68.9
67.8
67.4
66.5
65.5
65.4
66
64.8
65.8
66.1
65.9
66.8
67.2
67.2
67.5
67.6
67.7
68.5
69.1
69.2
69.4
66.8
67.8
65
66
66
66
66.1
65.2
65.8
67
64.7
63.4
64.1
64
64.3
63.8
63.1
64.1
64.5
65.7
64
63.8
63.8
62.2
64.6
65.7
66.6
67.4
67.9
67.7
68.3
68.5
68.6
68.1
68.8
69
69.2
68.7
68.9
69.2
68.8
69.2
69.7
69.3
69.8
70.4
71.2
70.2
71
70.2
70.9
68.3
69.2
69.1
68.8
70.5
71.6
71
71.7
71.2
69.9
70
71
70.6
69.8
71.4
73.5
73.8
73.9
73.6
73.3
72.5
71.8
72
72.3
72.9
73.8
73.9
73.9
74.2
73.1
73.4
72.6
72.1
74.4
70
69.9
69.8
70.5
71.5
71.4
71.1
71.4
70.8
71.2
71.2
71.2
71.2
71.5
74
75
73.7
74.5
73.4
73.4
71.1
71
71.3
70.5
70.3
69.4
69
68.5
69.1
69.8
68.7
68.5
68
68
66.7
65.4
66.6
68
68.9
69.5
69.8
67.5
67.7
67.8
67.4
68.6
68
68
69.8
69.1
67.4
66.8
66.3
66.3
63.4
63.1
62.9
62.9
63.1
62.4
62.5
62.8
62.9
62
61.4
62.3
62.2
63.5
63.7
64.3
63.7
63.8
64.4
63.6
64.3
64.1
63.8
63.3
61.9
61
60.7
59.6
60.3
59.6
59
58.3
57.5
56.6
56.9
57.2
56.5
58
57.8
58
59.2
57.8
57.7
58.2
59.5
58.6
57.3
56.9
57.3
58.3
59.3
60.2
59.7
60
59.8
60.2
60.4
62
62.5
63.4
61
60.1
58.5
59.3
59.3
60
61.2
62.5
63
63.1
62.5
62.2
63
61.5
61.5
63.1
60.5
60.9
62.8
62.8
61.3
59.3
59.2
58.7
58.1
56.7
60.6
59.8
62.4
60.9
60.4
59
62.6
66.4
65.8
67.5
66.2
68.9
70.9
71.7
71
74.7
75.5
76.5
76.3
77.5
73.1
73.8
72.8
74.1
74.4
76.5
75.7
75.2
77
77.2
75.6
77.1
79.7
77.8
77.8
74.2
73.4
69.8
69.2
68
69.2
66.7
66.2
67.3
66.2
64
68.6
67.1
70.2
68.8
68.3
64.1
64.2
64.7
64.7
64.5
64
63.5
65.7
66.9
65
63
61.6
62.3
60.1
59.2
59.5
60.7
61.2
61.1
57.6
57.5
58.5
57.6
56.4
59
58.5
57.9
58.6
56.6
57.3
58.5
58.6
58.8
58.9
58.2
61.3
61.7
61.7
62
62
61.4
58.4
58.3
58.5
58.5
59.3
58.8
58
57.4
59.7
56.8
57.4
54.8
53.5
52.5
52.3
53.2
53
53.9
50.4
50.2
51.1
51.2
48.75
48.4
49.9
50.6
50
49.6
48.95
47.05
45.4
45.85
44.45
44.7
44
43.9
43.85
42.95
42.9
43.6
43.5
42
42.3
41.5
40.65
39.6
39.5
39.45
38.2
37.85
37.7
37.9
37.9
37
37.1
36.8
37.3
37.55
38
38.2
37.95
37.95
38
38.35
38.35
38.5
38.5
37.55
37.9
38.4
38.1
37.65
37.55
37
37.5
37.3
37.5
37.6
37.25
37
36.95
36.95
36.75
36.95
36.95
37
36.6
36.55
36.85
36.8
36.35
36.3
36.5
36.15
35.55
35.25
35.15
34.9
35.1
35.75
34.85
34.9
34.9
34.8
34.55
34.7
34.8
34.85
34.55
34.4
34
33.95
33.85
33.85
34.7
35
35
34.75
34.8
35.15
34.65
35.2
35.25
35.8
35.8
36.65
36.6
37
36.3
36.05
36.4
36.25
36.6
35.9
35.7
36.1
35.9
36.1
36.2
36.3
36.45
36.45
36.8
36.5
36.15
35.25
35.6
35.3
34.85
34.8
35.15
35.7
36.1
36.5
36.6
35.85
36.55
37.05
37.85
37.5
37.9
37.1
37.35
37.15
37
36.6
36.3
37
37
37
36.3
36.8
37
37.5
36.4
38.5
38.75
37.1
37.35
37
37.2
37.2
37.5
37.25
37.65
36.75
37
37
36.75
36
35.25
35.6
35.6
35.35
34.85
34.65
34.45
34.1
34.1
34.15
34.5
34.5
34.9
35
35.1
35
32.75
34.7
34.6
34.3
34.15
34
33.8
33.8
33.5
32.75
34.2
34.75
34.8
34.75
33.55
33.55
33.6
34.2
34.2
34.35
33.95
34.4
33.9
34.35
34.3
34.2
34.8
34.8
34.5
34.25
34.35
34
33.9
32.95
33.1
33.1
32.9
32.75
32.65
32.85
33.5
33.55
33.25
33.55
33.5
33
33.25
33
32.8
33.4
33
33.5
34.25
34.45
34.15
35.05
35.2
35.8
35.95
35.65
35.25
35.35
36
36.1
35.7
35.15
35
35
34.9
34.6
34.35
34.05
34.5
34.85
34.8
34.85
34.95
33.85
33.9
34.1
33.9
34.05
33.7
34
34.9
35.05
34.7
33.9
33.3
33.4
32.7
32.75
33
32.75
32.8
33.1
32.7
32.6
31.8
31.6
31.05
30.9
30.9
31.15
31
30.6
30.3
30.3
30.05
30.05
29.9
30.2
30.45
30.4
30.6
30.6
31
30.25
30.8
29.6
29.6
30.4
30.25
30.45
30.2
30.7
30.8
31.4
31.45
31.4
31.95
